1	46.670000	0.000000	29.700000	0.000000	-53.500000	2	2
2	46.670000	0.000000	26.200000	51.500000	-53.500000	2	2
3 	51.286430 	0.000000 	25.508470 	0.498300 	-33.501700 2 2
4 	57.519475 	0.000000 	24.574775 	65.999750 	-6.500250 2 2
5	59.020000	0.000000	24.350000	82.000000	0.000000	2	2
6	59.020000	0.000000	25.950000	53.500000	0.000000	2	2
7 	58.248125 	0.000000 	26.184375 	43.476250 	-3.343750 2 2
8 	57.476250 	0.000000 	26.418750 	33.432500 	-6.687500 2 2
9 	56.704375 	0.000000 	26.653125 	23.408750 	-10.031250 2 2
10 	55.932500 	0.000000 	26.887500 	13.365000 	-13.375000 2 2
11 	55.160625 	0.000000 	27.121875 	3.341250 	-16.718750 2 2
12 	54.388750 	0.000000 	27.356250 	-6.682500 	-20.062500 2 2
13 	53.616875 	0.000000 	27.590625 	-16.726250 	-23.406250 2 2
14 	52.845000 	0.000000 	27.825000 	-26.750000 	-26.750000 2 2
15 	52.073125 	0.000000 	28.059375 	-36.773750 	-30.093750 2 2
16 	51.301250 	0.000000 	28.293750 	-46.817500 	-33.437500 2 2
17 	50.529375 	0.000000 	28.528125 	-56.841250 	-36.781250 2 2
18 	49.757500 	0.000000 	28.762500 	-66.865000 	-40.125000 2 2
19 	48.985625 	0.000000 	28.996875 	-76.908750 	-43.468750 2 2
20 	48.213750 	0.000000 	29.231250 	-86.932500 	-46.812500 2 2
21 	47.441875 	0.000000 	29.465625 	-96.976250 	-50.156250 2 2

